[[[[0.00000000e+00 0.00000000e+00 0.00000000e+00 0.00000000e+00
    0.00000000e+00]
   [0.00000000e+00 0.00000000e+00 0.00000000e+00 0.00000000e+00
    0.00000000e+00]
   [0.00000000e+00 0.00000000e+00 0.00000000e+00 0.00000000e+00
    0.00000000e+00]
   [0.00000000e+00 0.00000000e+00 0.00000000e+00 0.00000000e+00
    0.00000000e+00]
   [0.00000000e+00 0.00000000e+00 0.00000000e+00 0.00000000e+00
    0.00000000e+00]]

  [[0.00000000e+00 0.00000000e+00 0.00000000e+00 0.00000000e+00
    0.00000000e+00]
   [0.00000000e+00 0.00000000e+00 0.00000000e+00 0.00000000e+00
    0.00000000e+00]
   [0.00000000e+00 0.00000000e+00 0.00000000e+00 0.00000000e+00
    0.00000000e+00]
   [0.00000000e+00 0.00000000e+00 0.00000000e+00 0.00000000e+00
    0.00000000e+00]
   [0.00000000e+00 0.00000000e+00 0.00000000e+00 0.00000000e+00
    0.00000000e+00]]

  [[0.00000000e+00 0.00000000e+00 0.00000000e+00 0.00000000e+00
    0.00000000e+00]
   [0.00000000e+00 0.00000000e+00 0.00000000e+00 0.00000000e+00
    0.00000000e+00]
   [0.00000000e+00 0.00000000e+00 0.00000000e+00 0.00000000e+00
    0.00000000e+00]
   [0.00000000e+00 0.00000000e+00 0.00000000e+00 0.00000000e+00
    0.00000000e+00]
   [0.00000000e+00 0.00000000e+00 0.00000000e+00 0.00000000e+00
    0.00000000e+00]]

  ...

  [[0.00000000e+00 0.00000000e+00 0.00000000e+00 0.00000000e+00
    0.00000000e+00]
   [0.00000000e+00 0.00000000e+00 0.00000000e+00 0.00000000e+00
    0.00000000e+00]
   [0.00000000e+00 0.00000000e+00 0.00000000e+00 0.00000000e+00
    0.00000000e+00]
   [0.00000000e+00 0.00000000e+00 0.00000000e+00 0.00000000e+00
    0.00000000e+00]
   [0.00000000e+00 0.00000000e+00 0.00000000e+00 0.00000000e+00
    0.00000000e+00]]

  [[0.00000000e+00 0.00000000e+00 0.00000000e+00 0.00000000e+00
    0.00000000e+00]
   [0.00000000e+00 0.00000000e+00 0.00000000e+00 0.00000000e+00
    0.00000000e+00]
   [0.00000000e+00 0.00000000e+00 0.00000000e+00 0.00000000e+00
    0.00000000e+00]
   [0.00000000e+00 0.00000000e+00 0.00000000e+00 0.00000000e+00
    0.00000000e+00]
   [0.00000000e+00 0.00000000e+00 0.00000000e+00 0.00000000e+00
    0.00000000e+00]]

  [[0.00000000e+00 0.00000000e+00 0.00000000e+00 0.00000000e+00
    0.00000000e+00]
   [0.00000000e+00 0.00000000e+00 0.00000000e+00 0.00000000e+00
    0.00000000e+00]
   [0.00000000e+00 0.00000000e+00 0.00000000e+00 0.00000000e+00
    0.00000000e+00]
   [0.00000000e+00 0.00000000e+00 0.00000000e+00 0.00000000e+00
    0.00000000e+00]
   [0.00000000e+00 0.00000000e+00 0.00000000e+00 0.00000000e+00
    0.00000000e+00]]]


 [[[3.12499368e-06 1.90733540e-30 1.32283922e-39 3.85185989e-40
    4.90617089e-39]
   [1.90736250e-30 9.53658205e-31 1.25176914e-39 3.85338916e-41
    5.11068284e-39]
   [1.12345913e-40 6.01352412e-40 2.32126661e-39 1.08675112e-39
    5.16296155e-39]
   [5.61257116e-40 8.17783306e-40 3.44945245e-39 1.60399672e-39
    5.46742801e-39]
   [3.53087156e-40 1.07457396e-39 3.01889526e-39 2.11310519e-41
    7.51264529e-39]]

  [[4.88281250e-20 2.44139099e-20 1.88822680e-39 1.11496198e-39
    5.30717007e-39]
   [2.44139099e-20 1.62759060e-20 1.38290642e-39 3.61451787e-40
    5.05003949e-39]
   [1.32702618e-39 9.29908829e-40 2.27709527e-39 1.62221193e-39
    5.40106455e-39]
   [2.73406321e-39 1.92758205e-39 4.32485030e-39 4.42609549e-39
    7.68838235e-39]
   [6.09641590e-40 8.44275288e-40 2.66538930e-39 1.14936540e-39
    7.06404556e-39]]

  [[1.17066248e-39 1.65966898e-39 3.08439743e-39 1.31510723e-39
    7.15119936e-39]
   [1.47651746e-39 2.21015773e-39 3.46377403e-39 1.57281396e-39
    7.65628352e-39]
   [1.83474858e-39 2.32153714e-39 3.66368421e-39 1.66107948e-39
    7.16527341e-39]
   [1.17066248e-39 1.72031233e-39 3.32853564e-39 5.77778983e-40
    6.43765252e-39]
   [4.57260860e-39 5.34464568e-39 5.74478659e-39 2.17148777e-39
    1.07326879e-38]]

  ...

  [[1.92592994e-40 5.85302996e-40 3.08078833e-39 9.62964972e-40
    5.09876389e-39]
   [5.84775492e-41 5.18937821e-40 2.38980728e-39 3.93925641e-40
    5.08088860e-39]
   [9.42306371e-40 9.57181514e-40 3.29345237e-39 2.10930457e-39
    6.40256925e-39]
   [7.53850111e-40 1.23571973e-39 4.38162179e-39 2.18177570e-39
    7.37577821e-39]
   [1.00905682e-40 1.27012315e-39 3.11154001e-39 3.03494218e-41
    7.14927020e-39]]

  [[4.49005693e-39 5.07535993e-39 8.30817351e-39 6.73508540e-39
    1.04645810e-38]
   [3.92077511e-39 3.99767414e-39 6.14091122e-39 4.80095845e-39
    9.19281169e-39]
   [5.72491708e-39 5.11365759e-39 7.89776831e-39 8.38377348e-39
    1.13470735e-38]
   [8.22626375e-39 7.97080512e-39 1.25104932e-38 1.42240209e-38
    1.64120396e-38]
   [4.74684759e-39 5.04255300e-39 7.96831837e-39 7.75101520e-39
    1.32433331e-38]]

  [[1.92592994e-40 9.70488985e-40 3.08078833e-39 1.92592994e-40
    7.81324918e-39]
   [5.03252018e-40 1.12651104e-39 2.61219451e-39 6.83281315e-41
    8.46253559e-39]
   [5.27574336e-41 6.75205800e-40 2.11035926e-39 2.56790659e-40
    7.43267237e-39]
   [7.53850111e-40 1.62090572e-39 3.14504249e-39 1.41140372e-39
    8.37450630e-39]
   [9.90454620e-40 2.54485808e-39 3.38164699e-39 2.73312526e-40
    1.18815043e-38]]]


 [[[3.12497471e-06 6.93423377e-29 2.08776999e-34 2.16667119e-39
    4.42036863e-38]
   [6.70077047e-29 3.41946754e-29 9.01041482e-36 3.90114130e-40
    4.47573911e-38]
   [1.65328862e-33 7.67206334e-34 2.54338784e-35 8.06394497e-39
    4.65629505e-38]
   [1.63562310e-39 5.95690696e-39 2.71162723e-38 5.48606564e-39
    4.64005665e-38]
   [2.35926418e-39 7.14550866e-39 2.63033889e-38 8.11854642e-40
    6.51362988e-38]]

  [[7.81248447e-19 3.90620685e-19 9.19846407e-34 6.38849096e-39
    4.85947336e-38]
   [3.90620582e-19 2.60412864e-19 3.35228073e-34 3.58526468e-39
    4.72902542e-38]
   [1.49887544e-35 1.71015131e-34 4.91441522e-34 8.00100580e-39
    4.74306575e-38]
   [1.59352882e-38 1.37681591e-38 3.01127664e-38 2.20575464e-38
    6.23241720e-38]
   [1.09101743e-38 1.16036302e-38 2.69474950e-38 1.36360655e-38
    6.97220337e-38]]

  [[6.79604935e-33 3.52317973e-33 1.07303583e-33 1.64539449e-38
    6.24362816e-38]
   [3.57086101e-33 2.31852444e-33 8.34319642e-34 1.35011938e-38
    6.02352710e-38]
   [1.23781198e-33 1.93361111e-33 9.59390794e-34 2.34551903e-38
    6.70495832e-38]
   [1.76314509e-38 1.91309822e-38 3.73563034e-38 1.39049224e-38
    6.22762240e-38]
   [2.78511168e-38 3.04222120e-38 4.25722642e-38 1.54727369e-38
    7.80610236e-38]]

  ...

  [[1.73333695e-39 5.26772696e-39 2.73419090e-38 7.36668204e-39
    4.59370232e-38]
   [3.33704948e-40 4.10918327e-39 2.13156725e-38 3.58863987e-39
    4.44892430e-38]
   [8.05568404e-39 8.71093012e-39 2.97091632e-38 1.72669260e-38
    5.77194198e-38]
   [3.36896005e-39 9.71833476e-39 3.55057963e-38 1.06860765e-38
    6.35757183e-38]
   [8.96309132e-41 8.90545135e-39 2.71371916e-38 8.94819972e-40
    6.18659230e-38]]

  [[4.04105124e-38 4.56782393e-38 6.88088481e-38 5.09464747e-38
    9.70191408e-38]
   [3.90397046e-38 4.21528955e-38 5.90209297e-38 4.44074931e-38
    9.38111636e-38]
   [4.15743313e-38 4.21738932e-38 6.11299924e-38 5.70686603e-38
    9.80703610e-38]
   [5.83060700e-38 6.35990179e-38 9.19971534e-38 9.40986026e-38
    1.34390891e-37]
   [5.86707252e-38 6.60215675e-38 8.50303260e-38 7.82013590e-38
    1.45456264e-37]]

  [[1.73333695e-39 8.73440086e-39 2.73419090e-38 4.33334237e-40
    7.03673909e-38]
   [4.33667517e-39 9.57734228e-39 2.33171576e-38 6.58262290e-40
    7.49240659e-38]
   [4.97435981e-41 6.17314869e-39 1.90613253e-38 5.94300850e-40
    6.69903479e-38]
   [3.36896005e-39 1.31850087e-38 2.43765826e-38 3.75272869e-39
    7.25642711e-38]
   [8.09557135e-39 2.03780657e-38 2.95681545e-38 3.08148791e-39
    1.04456030e-37]]]


 ...


 [[[5.16534456e-08 1.89451303e-08 4.23906798e-09 1.54464218e-09
    1.25179995e-09]
   [2.50768475e-08 2.61174519e-08 7.72101100e-09 7.65558765e-09
    1.03949837e-09]
   [2.84922433e-08 3.23124638e-08 6.58498453e-09 1.69313403e-09
    7.20466851e-10]
   [2.97472460e-08 2.02499511e-08 7.22487972e-09 1.83642439e-09
    2.21762179e-10]
   [1.30741180e-08 1.38870636e-08 1.26465891e-08 2.98418876e-09
    1.05381503e-09]]

  [[2.39384878e-07 1.04542526e-07 3.09738170e-08 5.36899562e-09
    2.89735507e-09]
   [1.22187884e-08 2.53484604e-08 8.70702692e-09 5.29359201e-09
    3.58582692e-09]
   [1.12088805e-07 1.01486451e-08 3.26352869e-08 4.18879525e-09
    4.50520074e-09]
   [2.05796497e-09 3.61614659e-09 5.55934671e-09 3.45667978e-09
    5.48014470e-09]
   [4.60073588e-08 4.45590396e-08 7.48272021e-09 1.66120942e-08
    6.28761198e-10]]

  [[6.25194944e-09 6.50854301e-08 3.32438192e-09 7.73291923e-09
    1.13309548e-09]
   [1.64713530e-08 6.98304116e-09 3.26621596e-09 6.78339475e-10
    2.59781654e-09]
   [1.29148620e-08 2.81325466e-08 5.35125566e-09 1.22125927e-09
    4.18225962e-09]
   [8.64664211e-09 3.52893384e-09 9.22549750e-09 4.61059314e-10
    2.90543748e-09]
   [1.06851074e-08 2.06808279e-08 5.06198561e-09 1.25450778e-09
    3.15421916e-09]]

  ...

  [[5.43959712e-10 1.63184210e-10 7.55900330e-11 9.49226950e-11
    3.26987373e-10]
   [6.96931589e-10 5.09883832e-11 3.00852613e-11 2.61479968e-10
    1.14295292e-09]
   [6.57377084e-10 9.97927508e-11 1.85526521e-10 3.74258601e-10
    2.08731989e-09]
   [8.73846171e-11 2.97366210e-10 2.68280960e-10 6.33176932e-10
    2.46537575e-09]
   [3.96259340e-11 1.64745293e-10 1.29107439e-10 2.53880551e-10
    9.87958644e-10]]

  [[4.15611287e-11 4.27383488e-12 1.97772974e-11 1.91030792e-11
    1.05177037e-10]
   [2.48717855e-10 7.38420775e-11 1.90716784e-12 6.91188651e-12
    3.89496637e-10]
   [4.07734479e-10 7.95584453e-11 1.23273608e-11 3.87062265e-11
    4.23030459e-10]
   [7.04800466e-10 3.08118893e-10 4.74046017e-11 3.59511435e-11
    6.44885022e-10]
   [2.45551218e-10 7.76245197e-11 1.23550414e-12 6.99087967e-12
    1.91325939e-10]]

  [[1.49679766e-11 1.56342546e-11 1.54620686e-11 2.47728527e-11
    2.96923335e-11]
   [1.70442235e-11 3.25545803e-11 7.86949496e-11 1.29763637e-10
    1.17638302e-10]
   [8.44551297e-11 7.89056359e-11 8.72856555e-11 9.16316513e-11
    1.07651832e-10]
   [3.88398258e-11 6.27879964e-11 1.16634357e-10 1.28212616e-10
    1.32214200e-10]
   [4.11171347e-11 4.35970929e-11 4.73525010e-11 3.86214980e-11
    4.07077568e-11]]]


 [[[5.21506962e-08 1.89607174e-08 4.23962559e-09 1.54336380e-09
    1.25291780e-09]
   [2.52700111e-08 2.61178904e-08 7.72691127e-09 7.67193556e-09
    1.03773509e-09]
   [2.84553422e-08 3.23151411e-08 6.60345627e-09 1.69222110e-09
    7.17107400e-10]
   [2.97997639e-08 2.02725627e-08 7.21947984e-09 1.83982125e-09
    2.20586042e-10]
   [1.30950575e-08 1.38855047e-08 1.26723621e-08 2.98914518e-09
    1.05558883e-09]]

  [[2.39404984e-07 1.04588597e-07 3.09741792e-08 5.36333576e-09
    2.90442929e-09]
   [1.21574493e-08 2.52870806e-08 8.69530183e-09 5.29286477e-09
    3.58242305e-09]
   [1.11882647e-07 1.01022327e-08 3.26441941e-08 4.19389508e-09
    4.50502502e-09]
   [2.05707831e-09 3.61264058e-09 5.55413708e-09 3.46378896e-09
    5.47437388e-09]
   [4.58430218e-08 4.44058473e-08 7.49504977e-09 1.66061949e-08
    6.26284102e-10]]

  [[6.34563470e-09 6.52955853e-08 3.33080526e-09 7.72673323e-09
    1.13090991e-09]
   [1.64284516e-08 6.98670544e-09 3.25861279e-09 6.72688200e-10
    2.59295634e-09]
   [1.29289563e-08 2.81942228e-08 5.35954369e-09 1.22588472e-09
    4.18005165e-09]
   [8.61529113e-09 3.53509365e-09 9.21139763e-09 4.60806610e-10
    2.90058331e-09]
   [1.07287179e-08 2.07262927e-08 5.08301646e-09 1.25005763e-09
    3.15587034e-09]]

  ...

  [[5.44932569e-10 1.63600394e-10 7.57450464e-11 9.48950281e-11
    3.25864820e-10]
   [6.98098435e-10 5.10685522e-11 3.00141979e-11 2.62029537e-10
    1.14006582e-09]
   [6.60015998e-10 1.00477608e-10 1.85900023e-10 3.74485036e-10
    2.08317395e-09]
   [8.77619896e-11 2.96955467e-10 2.68391560e-10 6.34297872e-10
    2.46305223e-09]
   [3.97023697e-11 1.64337689e-10 1.29071026e-10 2.54085990e-10
    9.86847648e-10]]

  [[4.15263066e-11 4.27531904e-12 1.97605071e-11 1.90018339e-11
    1.05401219e-10]
   [2.48464996e-10 7.37150775e-11 1.89971057e-12 6.93156041e-12
    3.90434326e-10]
   [4.07553658e-10 7.95656018e-11 1.23100853e-11 3.84458746e-11
    4.24334738e-10]
   [7.04452881e-10 3.07965123e-10 4.74248934e-11 3.61506765e-11
    6.46475787e-10]
   [2.45633592e-10 7.77211673e-11 1.24547844e-12 7.05089544e-12
    1.91910950e-10]]

  [[1.50137251e-11 1.56701147e-11 1.54575097e-11 2.47114885e-11
    2.95621067e-11]
   [1.71066517e-11 3.25433922e-11 7.86056797e-11 1.29564917e-10
    1.17202591e-10]
   [8.47453402e-11 7.90466688e-11 8.72743858e-11 9.14391491e-11
    1.07155065e-10]
   [3.90185201e-11 6.27973654e-11 1.16544673e-10 1.28000326e-10
    1.31721254e-10]
   [4.12471424e-11 4.36551033e-11 4.73444049e-11 3.85402249e-11
    4.05204691e-11]]]


 [[[0.00000000e+00 0.00000000e+00 0.00000000e+00 0.00000000e+00
    0.00000000e+00]
   [0.00000000e+00 0.00000000e+00 0.00000000e+00 0.00000000e+00
    0.00000000e+00]
   [0.00000000e+00 0.00000000e+00 0.00000000e+00 0.00000000e+00
    0.00000000e+00]
   [0.00000000e+00 0.00000000e+00 0.00000000e+00 0.00000000e+00
    0.00000000e+00]
   [0.00000000e+00 0.00000000e+00 0.00000000e+00 0.00000000e+00
    0.00000000e+00]]

  [[0.00000000e+00 0.00000000e+00 0.00000000e+00 0.00000000e+00
    0.00000000e+00]
   [0.00000000e+00 0.00000000e+00 0.00000000e+00 0.00000000e+00
    0.00000000e+00]
   [0.00000000e+00 0.00000000e+00 0.00000000e+00 0.00000000e+00
    0.00000000e+00]
   [0.00000000e+00 0.00000000e+00 0.00000000e+00 0.00000000e+00
    0.00000000e+00]
   [0.00000000e+00 0.00000000e+00 0.00000000e+00 0.00000000e+00
    0.00000000e+00]]

  [[0.00000000e+00 0.00000000e+00 0.00000000e+00 0.00000000e+00
    0.00000000e+00]
   [0.00000000e+00 0.00000000e+00 0.00000000e+00 0.00000000e+00
    0.00000000e+00]
   [0.00000000e+00 0.00000000e+00 0.00000000e+00 0.00000000e+00
    0.00000000e+00]
   [0.00000000e+00 0.00000000e+00 0.00000000e+00 0.00000000e+00
    0.00000000e+00]
   [0.00000000e+00 0.00000000e+00 0.00000000e+00 0.00000000e+00
    0.00000000e+00]]

  ...

  [[0.00000000e+00 0.00000000e+00 0.00000000e+00 0.00000000e+00
    0.00000000e+00]
   [0.00000000e+00 0.00000000e+00 0.00000000e+00 0.00000000e+00
    0.00000000e+00]
   [0.00000000e+00 0.00000000e+00 0.00000000e+00 0.00000000e+00
    0.00000000e+00]
   [0.00000000e+00 0.00000000e+00 0.00000000e+00 0.00000000e+00
    0.00000000e+00]
   [0.00000000e+00 0.00000000e+00 0.00000000e+00 0.00000000e+00
    0.00000000e+00]]

  [[0.00000000e+00 0.00000000e+00 0.00000000e+00 0.00000000e+00
    0.00000000e+00]
   [0.00000000e+00 0.00000000e+00 0.00000000e+00 0.00000000e+00
    0.00000000e+00]
   [0.00000000e+00 0.00000000e+00 0.00000000e+00 0.00000000e+00
    0.00000000e+00]
   [0.00000000e+00 0.00000000e+00 0.00000000e+00 0.00000000e+00
    0.00000000e+00]
   [0.00000000e+00 0.00000000e+00 0.00000000e+00 0.00000000e+00
    0.00000000e+00]]

  [[0.00000000e+00 0.00000000e+00 0.00000000e+00 0.00000000e+00
    0.00000000e+00]
   [0.00000000e+00 0.00000000e+00 0.00000000e+00 0.00000000e+00
    0.00000000e+00]
   [0.00000000e+00 0.00000000e+00 0.00000000e+00 0.00000000e+00
    0.00000000e+00]
   [0.00000000e+00 0.00000000e+00 0.00000000e+00 0.00000000e+00
    0.00000000e+00]
   [0.00000000e+00 0.00000000e+00 0.00000000e+00 0.00000000e+00
    0.00000000e+00]]]]