[[[[3.38541667e-12 1.52587916e-23 1.92592994e-33 1.92592994e-33
    6.54816181e-33]
   [1.52587916e-23 7.62932824e-24 3.65926689e-33 2.50370893e-33
    9.43705673e-33]
   [1.92592994e-33 3.65926689e-33 5.20001085e-33 5.00741786e-33
    9.62964972e-33]
   [1.92592994e-33 2.50370893e-33 5.00741786e-33 6.93334780e-33
    6.93334780e-33]
   [6.54816181e-33 9.43705673e-33 9.62964972e-33 6.93334780e-33
    1.65629975e-32]]

  [[3.90625000e-13 1.95311279e-13 3.65926689e-33 2.50370893e-33
    9.43705673e-33]
   [1.95311279e-13 1.30207248e-13 4.81482486e-33 2.88889492e-33
    1.13629867e-32]
   [3.65926689e-33 4.81482486e-33 5.20001085e-33 4.42963887e-33
    1.05926147e-32]
   [2.50370893e-33 2.88889492e-33 4.42963887e-33 5.58519684e-33
    7.89631277e-33]
   [9.43705673e-33 1.13629867e-32 1.05926147e-32 7.89631277e-33
    1.84889275e-32]]

  [[1.92592994e-33 3.65926689e-33 5.20001085e-33 5.00741786e-33
    9.62964972e-33]
   [3.65926689e-33 4.81482486e-33 5.20001085e-33 4.42963887e-33
    1.05926147e-32]
   [5.20001085e-33 5.20001085e-33 6.16297582e-33 7.12594079e-33
    1.11703937e-32]
   [5.00741786e-33 4.42963887e-33 7.12594079e-33 1.04000217e-32
    1.07852077e-32]
   [9.62964972e-33 1.05926147e-32 1.11703937e-32 1.07852077e-32
    1.86815205e-32]]

  ...

  [[1.92592994e-33 2.50370893e-33 5.00741786e-33 6.93334780e-33
    6.93334780e-33]
   [2.50370893e-33 2.88889492e-33 4.42963887e-33 5.58519684e-33
    7.89631277e-33]
   [5.00741786e-33 4.42963887e-33 7.12594079e-33 1.04000217e-32
    1.07852077e-32]
   [6.93334780e-33 5.58519684e-33 1.04000217e-32 1.65629975e-32
    1.27111376e-32]
   [6.93334780e-33 7.89631277e-33 1.07852077e-32 1.27111376e-32
    1.69481835e-32]]

  [[6.54816181e-33 9.43705673e-33 9.62964972e-33 6.93334780e-33
    1.38666956e-32]
   [9.43705673e-33 1.13629867e-32 1.05926147e-32 7.89631277e-33
    1.71407765e-32]
   [9.62964972e-33 1.05926147e-32 1.11703937e-32 1.07852077e-32
    1.86815205e-32]
   [6.93334780e-33 7.89631277e-33 1.07852077e-32 1.27111376e-32
    1.69481835e-32]
   [1.38666956e-32 1.71407765e-32 1.86815205e-32 1.69481835e-32
    3.08148791e-32]]

  [[1.11703937e-32 1.63704045e-32 1.42518816e-32 6.93334780e-33
    2.08000434e-32]
   [1.63704045e-32 1.98370784e-32 1.67555905e-32 1.02074287e-32
    2.63852402e-32]
   [1.42518816e-32 1.67555905e-32 1.52148466e-32 1.11703937e-32
    2.65778332e-32]
   [6.93334780e-33 1.02074287e-32 1.11703937e-32 8.85927774e-33
    2.11852294e-32]
   [2.08000434e-32 2.63852402e-32 2.65778332e-32 2.11852294e-32
    4.46815747e-32]]]


 [[[3.12500722e-06 2.44160920e-22 3.83814149e-27 1.92593033e-33
    6.54816672e-33]
   [2.44178846e-22 1.22090920e-22 6.84157724e-29 2.50370897e-33
    9.43706184e-33]
   [8.18581298e-27 4.43479093e-27 2.09918468e-28 5.00741894e-33
    9.62965488e-33]
   [1.92593051e-33 2.50370975e-33 5.00742130e-33 6.93334940e-33
    6.93335327e-33]
   [6.54816216e-33 9.43705780e-33 9.62965274e-33 6.93334782e-33
    1.65630050e-32]]

  [[1.56249650e-12 7.81238580e-13 6.21870992e-27 2.50371004e-33
    9.43706203e-33]
   [7.81238540e-13 5.20823488e-13 2.71123327e-27 2.88889528e-33
    1.13629917e-32]
   [1.16277635e-28 1.35555289e-27 3.95044189e-27 4.42964049e-33
    1.05926201e-32]
   [2.50371166e-33 2.88889684e-33 4.42964320e-33 5.58520126e-33
    7.89632046e-33]
   [9.43705734e-33 1.13629875e-32 1.05926174e-32 7.89631392e-33
    1.84889345e-32]]

  [[3.37751663e-26 1.66355460e-26 5.13160008e-27 5.00741917e-33
    9.62965687e-33]
   [3.26195444e-26 2.13556840e-26 6.71098609e-27 4.42964044e-33
    1.05926224e-32]
   [6.88379266e-27 9.12519744e-27 7.76583641e-27 7.12594246e-33
    1.11704008e-32]
   [5.00741903e-33 4.42964059e-33 7.12594412e-33 1.04000223e-32
    1.07852141e-32]
   [9.62965429e-33 1.05926200e-32 1.11703994e-32 1.07852099e-32
    1.86815312e-32]]

  ...

  [[1.92593014e-33 2.50370951e-33 5.00742094e-33 6.93334876e-33
    6.93335290e-33]
   [2.50370899e-33 2.88889544e-33 4.42964126e-33 5.58519723e-33
    7.89631785e-33]
   [5.00741880e-33 4.42963983e-33 7.12594409e-33 1.04000238e-32
    1.07852141e-32]
   [6.93334855e-33 5.58519807e-33 1.04000261e-32 1.65629997e-32
    1.27111450e-32]
   [6.93334790e-33 7.89631404e-33 1.07852108e-32 1.27111377e-32
    1.69481907e-32]]

  [[6.54816630e-33 9.43706180e-33 9.62965803e-33 6.93335453e-33
    1.38667061e-32]
   [9.43706065e-33 1.13629907e-32 1.05926208e-32 7.89631757e-33
    1.71407857e-32]
   [9.62965545e-33 1.05926198e-32 1.11704016e-32 1.07852161e-32
    1.86815318e-32]
   [6.93335603e-33 7.89632074e-33 1.07852202e-32 1.27111519e-32
    1.69481999e-32]
   [1.38667003e-32 1.71407815e-32 1.86815284e-32 1.69481913e-32
    3.08148924e-32]]

  [[1.11703939e-32 1.63704055e-32 1.42518847e-32 6.93334799e-33
    2.08000512e-32]
   [1.63704050e-32 1.98370796e-32 1.67555931e-32 1.02074288e-32
    2.63852487e-32]
   [1.42518816e-32 1.67555912e-32 1.52148487e-32 1.11703939e-32
    2.65778407e-32]
   [6.93334855e-33 1.02074303e-32 1.11703968e-32 8.85927916e-33
    2.11852378e-32]
   [2.08000444e-32 2.63852428e-32 2.65778366e-32 2.11852297e-32
    4.46815866e-32]]]


 [[[3.12500517e-06 1.23629041e-21 6.13947694e-26 1.92593211e-33
    6.54820601e-33]
   [1.23657579e-21 6.18315334e-22 1.09551576e-27 2.50370932e-33
    9.43710148e-33]
   [1.30980195e-25 7.09275348e-26 3.36345641e-27 5.00742592e-33
    9.62969628e-33]
   [1.92593158e-33 2.50371488e-33 5.00744497e-33 6.93335329e-33
    6.93339420e-33]
   [6.54816417e-33 9.43706387e-33 9.62967603e-33 6.93334861e-33
    1.65630627e-32]]

  [[3.51560447e-12 1.75776986e-12 9.95178515e-26 2.50371532e-33
    9.43710532e-33]
   [1.75776962e-12 1.17183888e-12 4.33970079e-26 2.88889850e-33
    1.13630340e-32]
   [1.86158464e-27 2.16969530e-26 6.32349108e-26 4.42964687e-33
    1.05926621e-32]
   [2.50372486e-33 2.88890868e-33 4.42966898e-33 5.58521890e-33
    7.89637510e-33]
   [9.43706764e-33 1.13629983e-32 1.05926416e-32 7.89632641e-33
    1.84889972e-32]]

  [[5.40460134e-25 2.66213506e-25 8.21391321e-26 5.00743431e-33
    9.62971216e-33]
   [5.21924825e-25 3.41761798e-25 1.07393903e-25 4.42965237e-33
    1.05926749e-32]
   [1.10202635e-25 1.46067633e-25 1.24331585e-25 7.12596425e-33
    1.11704607e-32]
   [5.00743549e-33 4.42965800e-33 7.12597815e-33 1.04000356e-32
    1.07852700e-32]
   [9.62967757e-33 1.05926451e-32 1.11704362e-32 1.07852232e-32
    1.86815985e-32]]

  ...

  [[1.92593168e-33 2.50371420e-33 5.00744520e-33 6.93335517e-33
    6.93339374e-33]
   [2.50370926e-33 2.88889903e-33 4.42966019e-33 5.58520043e-33
    7.89635726e-33]
   [5.00742591e-33 4.42964758e-33 7.12597050e-33 1.04000390e-32
    1.07852654e-32]
   [6.93335117e-33 5.58520656e-33 1.04000572e-32 1.65630082e-32
    1.27112012e-32]
   [6.93334789e-33 7.89632168e-33 1.07852348e-32 1.27111385e-32
    1.69482454e-32]]

  [[6.54820222e-33 9.43710241e-33 9.62971853e-33 6.93339875e-33
    1.38667926e-32]
   [9.43709577e-33 1.13630288e-32 1.05926737e-32 7.89635718e-33
    1.71408703e-32]
   [9.62969130e-33 1.05926569e-32 1.11704548e-32 1.07852648e-32
    1.86816185e-32]
   [6.93340611e-33 7.89637637e-33 1.07852997e-32 1.27112317e-32
    1.69483179e-32]
   [1.38667543e-32 1.71408425e-32 1.86816055e-32 1.69482617e-32
    3.08150246e-32]]

  [[1.11703954e-32 1.63704133e-32 1.42519089e-32 6.93334823e-33
    2.08001138e-32]
   [1.63704089e-32 1.98370880e-32 1.67556138e-32 1.02074294e-32
    2.63853152e-32]
   [1.42518816e-32 1.67555967e-32 1.52148656e-32 1.11703943e-32
    2.65779002e-32]
   [6.93335117e-33 1.02074419e-32 1.11704181e-32 8.85928150e-33
    2.11853020e-32]
   [2.08000515e-32 2.63852606e-32 2.65778628e-32 2.11852325e-32
    4.46816792e-32]]]


 ...


 [[[3.99705718e-07 4.67685705e-08 9.62900639e-09 3.95382354e-09
    2.19971828e-09]
   [2.05199741e-07 3.56952601e-08 4.15184814e-08 2.03912516e-08
    2.60379976e-09]
   [4.69817639e-08 5.20017320e-08 1.86800073e-08 4.87743107e-09
    5.06467072e-09]
   [7.32010333e-08 3.39324402e-08 2.52413550e-08 5.78667630e-09
    2.59751816e-09]
   [2.67830875e-08 2.35335822e-08 1.92988987e-08 4.88607284e-09
    2.59231811e-09]]

  [[3.13309877e-07 1.79110565e-07 4.63448643e-08 9.98182911e-09
    5.65957608e-09]
   [9.38733986e-08 7.19082226e-08 3.24877761e-08 1.18883588e-08
    5.99689229e-09]
   [1.70621215e-07 3.53950490e-08 4.38644574e-08 8.86013980e-09
    9.29486413e-09]
   [1.19964186e-08 1.76725233e-08 1.28296967e-08 1.15251707e-08
    7.91865551e-09]
   [9.83952642e-08 9.45018428e-08 1.13255053e-08 2.24584615e-08
    2.93420721e-09]]

  [[1.09925097e-07 1.17250500e-07 1.93028426e-08 1.11688733e-08
    1.96372031e-09]
   [5.21743892e-08 3.11011031e-08 1.92485369e-08 9.75909689e-09
    5.02841421e-09]
   [2.94522706e-08 5.22641926e-08 1.77687250e-08 7.27792618e-09
    5.56794279e-09]
   [2.93104244e-08 1.52021597e-08 2.38833850e-08 2.93791099e-09
    5.07835238e-09]
   [3.62617529e-08 4.25195936e-08 1.47534521e-08 4.24855503e-09
    4.18080670e-09]]

  ...

  [[1.08347436e-09 4.64519904e-10 1.67483560e-10 2.47742763e-10
    7.73012594e-10]
   [1.34115117e-09 2.72498496e-10 1.61707965e-10 6.46625295e-10
    1.98985123e-09]
   [2.27366950e-09 7.74835437e-10 3.91973087e-10 8.35209696e-10
    3.34088248e-09]
   [1.22847537e-09 4.89020222e-10 4.31710937e-10 1.27406650e-09
    3.47543966e-09]
   [8.46393208e-10 5.45204941e-10 2.56486303e-10 5.82250756e-10
    1.68220634e-09]]

  [[8.97972197e-11 5.24996704e-11 6.81063631e-11 1.42489858e-10
    3.57473471e-10]
   [4.78574136e-10 1.99640274e-10 7.73825735e-11 1.08344320e-10
    8.57995732e-10]
   [6.99365778e-10 3.15873263e-10 1.58573595e-10 3.45540599e-10
    1.28334036e-09]
   [1.06917468e-09 5.37606951e-10 1.80090926e-10 2.00142202e-10
    1.24868434e-09]
   [5.10089834e-10 2.84651444e-10 1.25193482e-10 1.98298181e-10
    4.98388507e-10]]

  [[4.08406677e-11 3.60095854e-11 3.97224742e-11 8.69123181e-11
    1.21254853e-10]
   [1.14292954e-10 1.17965455e-10 1.57792299e-10 2.68696713e-10
    3.54771501e-10]
   [2.20147828e-10 1.81955454e-10 1.80815841e-10 2.64917056e-10
    4.02873920e-10]
   [2.07000799e-10 1.90326635e-10 2.27265568e-10 2.97364325e-10
    3.98159997e-10]
   [1.01867212e-10 9.66160275e-11 1.03457726e-10 1.41052248e-10
    1.69703906e-10]]]


 [[[3.99880705e-07 4.67666166e-08 9.64004138e-09 3.95318965e-09
    2.19896385e-09]
   [2.05283226e-07 3.57038611e-08 4.15310480e-08 2.04016512e-08
    2.60365298e-09]
   [4.69993165e-08 5.20151119e-08 1.86923763e-08 4.87969610e-09
    5.06332684e-09]
   [7.32300589e-08 3.39555047e-08 2.52429043e-08 5.79078776e-09
    2.59628798e-09]
   [2.68126567e-08 2.35494433e-08 1.93207914e-08 4.88972840e-09
    2.59448279e-09]]

  [[3.13224872e-07 1.79143584e-07 4.63379347e-08 9.97836034e-09
    5.66299004e-09]
   [9.38068757e-08 7.18798011e-08 3.24689585e-08 1.18867213e-08
    5.99789564e-09]
   [1.70513888e-07 3.53629487e-08 4.38698224e-08 8.86160288e-09
    9.29506692e-09]
   [1.19820292e-08 1.76618444e-08 1.28248550e-08 1.15282146e-08
    7.91492336e-09]
   [9.83122101e-08 9.44450191e-08 1.13340186e-08 2.24531236e-08
    2.93334997e-09]]

  [[1.09977567e-07 1.17385839e-07 1.92904690e-08 1.11691854e-08
    1.96300296e-09]
   [5.21536055e-08 3.11102493e-08 1.92336712e-08 9.75339051e-09
    5.02798748e-09]
   [2.94866768e-08 5.23142383e-08 1.77698592e-08 7.28106857e-09
    5.56722526e-09]
   [2.93044370e-08 1.52227404e-08 2.38765594e-08 2.93650998e-09
    5.07732161e-09]
   [3.63006671e-08 4.25661142e-08 1.47724578e-08 4.24669036e-09
    4.18328919e-09]]

  ...

  [[1.08443947e-09 4.64942813e-10 1.67635820e-10 2.47743132e-10
    7.72366528e-10]
   [1.34235226e-09 2.72860182e-10 1.61895090e-10 6.47027731e-10
    1.98818032e-09]
   [2.27587267e-09 7.75402526e-10 3.92202638e-10 8.35673675e-10
    3.33846666e-09]
   [1.22977927e-09 4.88896565e-10 4.31867647e-10 1.27515894e-09
    3.47385234e-09]
   [8.46822375e-10 5.45084965e-10 2.56471731e-10 5.82577229e-10
    1.68145128e-09]]

  [[8.97499567e-11 5.24672146e-11 6.81170608e-11 1.42525269e-10
    3.57803612e-10]
   [4.78575508e-10 1.99564895e-10 7.74204111e-11 1.08450519e-10
    8.58954661e-10]
   [6.99104415e-10 3.15776850e-10 1.58595480e-10 3.45660476e-10
    1.28483050e-09]
   [1.06900697e-09 5.37524732e-10 1.80164097e-10 2.00444711e-10
    1.25023112e-09]
   [5.10104784e-10 2.84729625e-10 1.25261065e-10 1.98459459e-10
    4.99069746e-10]]

  [[4.08977757e-11 3.60492117e-11 3.97302308e-11 8.68894244e-11
    1.21172662e-10]
   [1.14407283e-10 1.18024513e-10 1.57799283e-10 2.68680766e-10
    3.54597734e-10]
   [2.20459158e-10 1.82120935e-10 1.80848623e-10 2.64879860e-10
    4.02648062e-10]
   [2.07294038e-10 1.90462536e-10 2.27300053e-10 2.97332857e-10
    3.97953446e-10]
   [1.02033974e-10 9.67033235e-11 1.03474832e-10 1.41010942e-10
    1.69570490e-10]]]


 [[[0.00000000e+00 0.00000000e+00 0.00000000e+00 0.00000000e+00
    0.00000000e+00]
   [0.00000000e+00 0.00000000e+00 0.00000000e+00 0.00000000e+00
    0.00000000e+00]
   [0.00000000e+00 0.00000000e+00 0.00000000e+00 0.00000000e+00
    0.00000000e+00]
   [0.00000000e+00 0.00000000e+00 0.00000000e+00 0.00000000e+00
    0.00000000e+00]
   [0.00000000e+00 0.00000000e+00 0.00000000e+00 0.00000000e+00
    0.00000000e+00]]

  [[0.00000000e+00 0.00000000e+00 0.00000000e+00 0.00000000e+00
    0.00000000e+00]
   [0.00000000e+00 0.00000000e+00 0.00000000e+00 0.00000000e+00
    0.00000000e+00]
   [0.00000000e+00 0.00000000e+00 0.00000000e+00 0.00000000e+00
    0.00000000e+00]
   [0.00000000e+00 0.00000000e+00 0.00000000e+00 0.00000000e+00
    0.00000000e+00]
   [0.00000000e+00 0.00000000e+00 0.00000000e+00 0.00000000e+00
    0.00000000e+00]]

  [[0.00000000e+00 0.00000000e+00 0.00000000e+00 0.00000000e+00
    0.00000000e+00]
   [0.00000000e+00 0.00000000e+00 0.00000000e+00 0.00000000e+00
    0.00000000e+00]
   [0.00000000e+00 0.00000000e+00 0.00000000e+00 0.00000000e+00
    0.00000000e+00]
   [0.00000000e+00 0.00000000e+00 0.00000000e+00 0.00000000e+00
    0.00000000e+00]
   [0.00000000e+00 0.00000000e+00 0.00000000e+00 0.00000000e+00
    0.00000000e+00]]

  ...

  [[0.00000000e+00 0.00000000e+00 0.00000000e+00 0.00000000e+00
    0.00000000e+00]
   [0.00000000e+00 0.00000000e+00 0.00000000e+00 0.00000000e+00
    0.00000000e+00]
   [0.00000000e+00 0.00000000e+00 0.00000000e+00 0.00000000e+00
    0.00000000e+00]
   [0.00000000e+00 0.00000000e+00 0.00000000e+00 0.00000000e+00
    0.00000000e+00]
   [0.00000000e+00 0.00000000e+00 0.00000000e+00 0.00000000e+00
    0.00000000e+00]]

  [[0.00000000e+00 0.00000000e+00 0.00000000e+00 0.00000000e+00
    0.00000000e+00]
   [0.00000000e+00 0.00000000e+00 0.00000000e+00 0.00000000e+00
    0.00000000e+00]
   [0.00000000e+00 0.00000000e+00 0.00000000e+00 0.00000000e+00
    0.00000000e+00]
   [0.00000000e+00 0.00000000e+00 0.00000000e+00 0.00000000e+00
    0.00000000e+00]
   [0.00000000e+00 0.00000000e+00 0.00000000e+00 0.00000000e+00
    0.00000000e+00]]

  [[0.00000000e+00 0.00000000e+00 0.00000000e+00 0.00000000e+00
    0.00000000e+00]
   [0.00000000e+00 0.00000000e+00 0.00000000e+00 0.00000000e+00
    0.00000000e+00]
   [0.00000000e+00 0.00000000e+00 0.00000000e+00 0.00000000e+00
    0.00000000e+00]
   [0.00000000e+00 0.00000000e+00 0.00000000e+00 0.00000000e+00
    0.00000000e+00]
   [0.00000000e+00 0.00000000e+00 0.00000000e+00 0.00000000e+00
    0.00000000e+00]]]]