[[[[0.00000000e+00 0.00000000e+00 0.00000000e+00 0.00000000e+00
    0.00000000e+00]
   [0.00000000e+00 0.00000000e+00 0.00000000e+00 0.00000000e+00
    0.00000000e+00]
   [0.00000000e+00 0.00000000e+00 0.00000000e+00 0.00000000e+00
    0.00000000e+00]
   [0.00000000e+00 0.00000000e+00 0.00000000e+00 0.00000000e+00
    0.00000000e+00]
   [0.00000000e+00 0.00000000e+00 0.00000000e+00 0.00000000e+00
    0.00000000e+00]]

  [[0.00000000e+00 0.00000000e+00 0.00000000e+00 0.00000000e+00
    0.00000000e+00]
   [0.00000000e+00 0.00000000e+00 0.00000000e+00 0.00000000e+00
    0.00000000e+00]
   [0.00000000e+00 0.00000000e+00 0.00000000e+00 0.00000000e+00
    0.00000000e+00]
   [0.00000000e+00 0.00000000e+00 0.00000000e+00 0.00000000e+00
    0.00000000e+00]
   [0.00000000e+00 0.00000000e+00 0.00000000e+00 0.00000000e+00
    0.00000000e+00]]

  [[0.00000000e+00 0.00000000e+00 0.00000000e+00 0.00000000e+00
    0.00000000e+00]
   [0.00000000e+00 0.00000000e+00 0.00000000e+00 0.00000000e+00
    0.00000000e+00]
   [0.00000000e+00 0.00000000e+00 0.00000000e+00 0.00000000e+00
    0.00000000e+00]
   [0.00000000e+00 0.00000000e+00 0.00000000e+00 0.00000000e+00
    0.00000000e+00]
   [0.00000000e+00 0.00000000e+00 0.00000000e+00 0.00000000e+00
    0.00000000e+00]]

  ...

  [[0.00000000e+00 0.00000000e+00 0.00000000e+00 0.00000000e+00
    0.00000000e+00]
   [0.00000000e+00 0.00000000e+00 0.00000000e+00 0.00000000e+00
    0.00000000e+00]
   [0.00000000e+00 0.00000000e+00 0.00000000e+00 0.00000000e+00
    0.00000000e+00]
   [0.00000000e+00 0.00000000e+00 0.00000000e+00 0.00000000e+00
    0.00000000e+00]
   [0.00000000e+00 0.00000000e+00 0.00000000e+00 0.00000000e+00
    0.00000000e+00]]

  [[0.00000000e+00 0.00000000e+00 0.00000000e+00 0.00000000e+00
    0.00000000e+00]
   [0.00000000e+00 0.00000000e+00 0.00000000e+00 0.00000000e+00
    0.00000000e+00]
   [0.00000000e+00 0.00000000e+00 0.00000000e+00 0.00000000e+00
    0.00000000e+00]
   [0.00000000e+00 0.00000000e+00 0.00000000e+00 0.00000000e+00
    0.00000000e+00]
   [0.00000000e+00 0.00000000e+00 0.00000000e+00 0.00000000e+00
    0.00000000e+00]]

  [[0.00000000e+00 0.00000000e+00 0.00000000e+00 0.00000000e+00
    0.00000000e+00]
   [0.00000000e+00 0.00000000e+00 0.00000000e+00 0.00000000e+00
    0.00000000e+00]
   [0.00000000e+00 0.00000000e+00 0.00000000e+00 0.00000000e+00
    0.00000000e+00]
   [0.00000000e+00 0.00000000e+00 0.00000000e+00 0.00000000e+00
    0.00000000e+00]
   [0.00000000e+00 0.00000000e+00 0.00000000e+00 0.00000000e+00
    0.00000000e+00]]]


 [[[1.24998988e-05 1.95312446e-27 5.29135688e-39 1.54074396e-39
    1.96246836e-38]
   [1.95312619e-27 9.76561486e-28 5.00707658e-39 1.54135566e-40
    2.04427313e-38]
   [4.49383654e-40 2.40540965e-39 9.28506645e-39 4.34700447e-39
    2.06518462e-38]
   [2.24502847e-39 3.27113322e-39 1.37978098e-38 6.41598688e-39
    2.18697120e-38]
   [1.41234863e-39 4.29829586e-39 1.20755810e-38 8.45242074e-41
    3.00505812e-38]]

  [[3.12500000e-18 1.56246094e-18 7.55290721e-39 4.45984790e-39
    2.12286803e-38]
   [1.56246094e-18 1.04163194e-18 5.53162567e-39 1.44580715e-39
    2.02001580e-38]
   [5.30810471e-39 3.71963532e-39 9.10838108e-39 6.48884773e-39
    2.16042582e-38]
   [1.09362528e-38 7.71032820e-39 1.72994012e-38 1.77043820e-38
    3.07535294e-38]
   [2.43856636e-39 3.37710115e-39 1.06615572e-38 4.59746160e-39
    2.82561822e-38]]

  [[4.68264993e-39 6.63867592e-39 1.23375897e-38 5.26042891e-39
    2.86047974e-38]
   [5.90606984e-39 8.84063092e-39 1.38550961e-38 6.29125583e-39
    3.06251341e-38]
   [7.33899434e-39 9.28614858e-39 1.46547368e-38 6.64431792e-39
    2.86610936e-38]
   [4.68264993e-39 6.88124931e-39 1.33141426e-38 2.31111593e-39
    2.57506101e-38]
   [1.82904344e-38 2.13785827e-38 2.29791464e-38 8.68595107e-39
    4.29307516e-38]]

  ...

  [[7.70371978e-40 2.34121198e-39 1.23231533e-38 3.85185989e-39
    2.03950556e-38]
   [2.33910197e-40 2.07575128e-39 9.55922912e-39 1.57570256e-39
    2.03235544e-38]
   [3.76922548e-39 3.82872606e-39 1.31738095e-38 8.43721828e-39
    2.56102770e-38]
   [3.01540044e-39 4.94287891e-39 1.75264872e-38 8.72710281e-39
    2.95031128e-38]
   [4.03622729e-40 5.08049261e-39 1.24461600e-38 1.21397687e-40
    2.85970808e-38]]

  [[1.79602277e-38 2.03014397e-38 3.32326940e-38 2.69403416e-38
    4.18583239e-38]
   [1.56831004e-38 1.59906965e-38 2.45636449e-38 1.92038338e-38
    3.67712468e-38]
   [2.28996683e-38 2.04546304e-38 3.15910732e-38 3.35350939e-38
    4.53882942e-38]
   [3.29050550e-38 3.18832205e-38 5.00419730e-38 5.68960836e-38
    6.56481585e-38]
   [1.89873904e-38 2.01702120e-38 3.18732735e-38 3.10040608e-38
    5.29733325e-38]]

  [[7.70371978e-40 3.88195594e-39 1.23231533e-38 7.70371978e-40
    3.12529967e-38]
   [2.01300807e-39 4.50604418e-39 1.04487781e-38 2.73312526e-40
    3.38501424e-38]
   [2.11029734e-40 2.70082320e-39 8.44143705e-39 1.02716264e-39
    2.97306895e-38]
   [3.01540044e-39 6.48362287e-39 1.25801699e-38 5.64561490e-39
    3.34980252e-38]
   [3.96181848e-39 1.01794323e-38 1.35265880e-38 1.09325010e-39
    4.75260171e-38]]]


 [[[1.24995953e-05 7.10049841e-26 4.43585605e-31 4.81482486e-39
    1.76814745e-37]
   [6.86149341e-26 3.50174033e-26 8.79540396e-33 1.90179467e-40
    1.82336549e-37]
   [1.69326894e-30 7.87362331e-31 2.68685606e-32 1.97541131e-38
    1.84160934e-37]
   [1.30849848e-38 2.68430283e-38 1.16097052e-37 3.05996085e-38
    1.89899730e-37]
   [1.02130981e-38 3.20487085e-38 1.07887872e-37 3.56664745e-39
    2.65906065e-37]]

  [[4.99996024e-17 1.25003640e-17 9.48230094e-31 2.84895897e-38
    1.91058123e-37]
   [2.49988513e-17 1.66656947e-17 3.46954665e-31 1.28058438e-38
    1.84205999e-37]
   [1.48705335e-32 1.73654980e-31 5.05749232e-31 3.22654732e-38
    1.87994963e-37]
   [8.17811550e-38 6.31889165e-38 1.41360606e-37 1.16804733e-37
    2.60136644e-37]
   [2.89739068e-38 3.45785559e-38 1.00669708e-37 4.51737041e-38
    2.62966656e-37]]

  [[6.85688407e-30 2.56576692e-30 7.33831189e-31 5.54214271e-38
    2.57443177e-37]
   [3.55790196e-30 4.39788899e-30 8.58961894e-31 5.41037660e-38
    2.58981086e-37]
   [1.27739104e-30 1.98960483e-30 9.94077985e-31 7.59898084e-38
    2.72669033e-37]
   [5.31103112e-38 6.77033642e-38 1.30215966e-37 3.31033174e-38
    2.41373802e-37]
   [1.44771854e-37 1.60663417e-37 1.86499398e-37 8.09933168e-38
    3.47133149e-37]]

  ...

  [[1.73333695e-39 1.95301639e-38 1.06093555e-37 1.00148357e-38
    1.77392524e-37]
   [9.08151140e-40 1.72730521e-38 8.28910157e-38 1.38722010e-39
    1.78911358e-37]
   [1.91763341e-38 2.91074133e-38 1.10324269e-37 3.29600644e-38
    2.17093949e-37]
   [1.48183218e-38 4.03479955e-38 1.46766253e-37 3.57996193e-38
    2.52244768e-37]
   [3.94049463e-39 4.28850290e-38 1.12337158e-37 4.31035710e-39
    2.56476418e-37]]

  [[1.61834643e-37 1.82712957e-37 2.86972226e-37 2.10130129e-37
    3.79806403e-37]
   [1.42674820e-37 1.53873035e-37 2.31607349e-37 1.72008822e-37
    3.55834515e-37]
   [1.79762107e-37 1.73125212e-37 2.60460805e-37 2.32225502e-37
    3.85537031e-37]
   [2.66899707e-37 2.73192759e-37 4.18628260e-37 4.30076831e-37
    5.62165417e-37]
   [1.96836235e-37 2.13275736e-37 3.11103501e-37 2.86216805e-37
    5.34230805e-37]]

  [[1.73333695e-39 2.41523958e-38 1.03782439e-37 3.08148791e-39
    2.65869531e-37]
   [8.91409158e-39 2.58982542e-38 8.45828700e-38 2.45981274e-39
    2.80731598e-37]
   [3.16445324e-39 2.17207345e-38 7.47620653e-38 3.08148791e-39
    2.58276432e-37]
   [1.48183218e-38 4.49702274e-38 9.99382823e-38 2.88662715e-38
    2.78954516e-37]
   [1.99523755e-38 6.35191417e-38 1.02403689e-37 9.83925094e-39
    3.90905913e-37]]]


 ...


 [[[7.61454228e-07 1.87361219e-07 3.52267263e-08 8.11170355e-09
    2.90025952e-09]
   [2.75066562e-07 6.97723203e-08 5.20840957e-08 6.28622520e-09
    3.13501419e-09]
   [2.35266148e-08 3.04877454e-09 3.86920410e-09 1.55272071e-09
    6.65322847e-10]
   [6.45897546e-09 6.84779741e-09 1.23763641e-09 4.05501071e-10
    8.48778744e-10]
   [8.65944198e-10 5.53383188e-10 5.15148966e-10 8.90212700e-11
    9.10077862e-11]]

  [[8.90483317e-07 7.24488241e-07 1.69927211e-08 7.55336091e-09
    3.22022936e-09]
   [3.82155864e-07 1.42527417e-07 4.50722793e-09 2.50431391e-09
    3.24505087e-09]
   [3.48561559e-07 1.34083473e-07 2.53156671e-08 1.98225025e-09
    1.83925849e-09]
   [1.58444112e-08 2.23483863e-08 4.12212782e-10 1.68422124e-09
    4.90264358e-10]
   [2.37676458e-08 3.04091648e-08 1.47471047e-09 6.50679085e-10
    1.51932947e-10]]

  [[1.60935671e-07 1.11927867e-07 1.23185945e-08 5.32712908e-09
    2.56616620e-10]
   [6.80076372e-08 8.54550075e-08 3.56626290e-08 7.68818024e-09
    3.01190108e-10]
   [1.52690654e-08 2.90856601e-08 5.13831614e-09 1.36765787e-09
    9.05735821e-10]
   [1.33167778e-08 2.71198221e-08 3.24004598e-09 4.15647048e-09
    9.50995642e-10]
   [3.25444226e-09 4.54187602e-09 2.47835404e-09 1.15702002e-09
    2.33543103e-10]]

  ...

  [[2.09618602e-12 1.39491676e-12 8.34169102e-13 1.18970946e-12
    2.58205366e-12]
   [3.77065482e-12 2.81041667e-12 1.93190806e-12 2.37170035e-12
    5.54587685e-12]
   [6.91381530e-12 4.63758339e-12 4.20630353e-12 3.82943859e-12
    7.37602703e-12]
   [6.71317952e-12 3.66755178e-12 2.24193226e-12 3.35423442e-12
    6.03137472e-12]
   [3.34141802e-12 2.88563465e-12 1.59068412e-12 1.09247102e-12
    2.53554194e-12]]

  [[1.35316080e-14 1.41704113e-14 1.46275174e-13 4.56960851e-13
    4.88862683e-13]
   [4.43896904e-14 5.28378040e-14 1.98743814e-13 5.52327662e-13
    5.88786236e-13]
   [5.10528449e-14 8.14916413e-14 2.76566218e-13 6.08232052e-13
    6.13533087e-13]
   [3.45243018e-14 1.00285008e-14 1.67863445e-13 6.20577144e-13
    6.33743485e-13]
   [5.97438701e-15 7.30979471e-15 9.61965529e-14 4.44604929e-13
    5.56517550e-13]]

  [[7.85946946e-15 1.75968022e-14 4.00238379e-14 7.74212080e-14
    9.49234516e-14]
   [1.91351863e-14 2.02734610e-14 4.11363451e-14 9.92527781e-14
    1.47258862e-13]
   [2.60437557e-14 2.40581375e-14 4.11993194e-14 9.59729086e-14
    1.59244645e-13]
   [1.80331981e-14 3.23955461e-14 4.20637719e-14 1.00772861e-13
    1.43348900e-13]
   [7.84466412e-15 1.74779432e-14 3.85291869e-14 7.18912979e-14
    9.51772117e-14]]]


 [[[7.51600174e-07 1.87522732e-07 3.52565781e-08 8.09688654e-09
    2.91813051e-09]
   [2.73808425e-07 7.00210686e-08 5.18499902e-08 6.27960158e-09
    3.15376009e-09]
   [2.33016313e-08 2.97766610e-09 3.85472611e-09 1.55415426e-09
    6.68956455e-10]
   [6.40754318e-09 6.82559199e-09 1.23365782e-09 4.04034329e-10
    8.48930474e-10]
   [8.58854052e-10 5.48194806e-10 5.14035198e-10 8.94001552e-11
    9.12523922e-11]]

  [[8.92930670e-07 7.25274444e-07 1.70965880e-08 7.55542772e-09
    3.23803060e-09]
   [3.83805392e-07 1.42459560e-07 4.47087138e-09 2.49916991e-09
    3.26146716e-09]
   [3.49334878e-07 1.34291679e-07 2.54032904e-08 1.98661401e-09
    1.84361075e-09]
   [1.59048666e-08 2.24082361e-08 4.14156397e-10 1.68161285e-09
    4.91440391e-10]
   [2.38147330e-08 3.04612139e-08 1.48069562e-09 6.51207538e-10
    1.52441557e-10]]

  [[1.59786560e-07 1.10972174e-07 1.22762617e-08 5.34495558e-09
    2.63161531e-10]
   [6.79490134e-08 8.48795964e-08 3.56388045e-08 7.70184039e-09
    3.03636062e-10]
   [1.52862736e-08 2.90357842e-08 5.14665441e-09 1.36397052e-09
    9.02459178e-10]
   [1.32200216e-08 2.69580665e-08 3.20340350e-09 4.15669624e-09
    9.52600685e-10]
   [3.24607008e-09 4.52958136e-09 2.47883003e-09 1.16161092e-09
    2.34221696e-10]]

  ...

  [[2.10561309e-12 1.40394716e-12 8.40705015e-13 1.20036923e-12
    2.60378400e-12]
   [3.78738439e-12 2.82676942e-12 1.94955267e-12 2.39838797e-12
    5.60411735e-12]
   [6.94123766e-12 4.66042948e-12 4.23697716e-12 3.87413279e-12
    7.45617522e-12]
   [6.74257116e-12 3.68837544e-12 2.26097206e-12 3.39827108e-12
    6.09915456e-12]
   [3.35945164e-12 2.90138721e-12 1.60678675e-12 1.11225952e-12
    2.57022900e-12]]

  [[1.37213203e-14 1.41189120e-14 1.46051746e-13 4.56590882e-13
    4.88095133e-13]
   [4.49524759e-14 5.28568899e-14 1.98412946e-13 5.51149532e-13
    5.86190140e-13]
   [5.17804134e-14 8.14147830e-14 2.76200895e-13 6.06746517e-13
    6.10180186e-13]
   [3.50837444e-14 1.00831917e-14 1.67333232e-13 6.19246642e-13
    6.30431266e-13]
   [6.14313953e-15 7.15016167e-15 9.57020345e-14 4.43657788e-13
    5.54264335e-13]]

  [[7.85845764e-15 1.76172428e-14 4.01232670e-14 7.76310568e-14
    9.51511195e-14]
   [1.91269663e-14 2.02727251e-14 4.11907032e-14 9.94566816e-14
    1.47497824e-13]
   [2.60573612e-14 2.40575478e-14 4.12512965e-14 9.61722560e-14
    1.59488655e-13]
   [1.80590771e-14 3.23831575e-14 4.21337196e-14 1.01017754e-13
    1.43574616e-13]
   [7.85022115e-15 1.75054625e-14 3.85822186e-14 7.20603883e-14
    9.53546451e-14]]]


 [[[0.00000000e+00 0.00000000e+00 0.00000000e+00 0.00000000e+00
    0.00000000e+00]
   [0.00000000e+00 0.00000000e+00 0.00000000e+00 0.00000000e+00
    0.00000000e+00]
   [0.00000000e+00 0.00000000e+00 0.00000000e+00 0.00000000e+00
    0.00000000e+00]
   [0.00000000e+00 0.00000000e+00 0.00000000e+00 0.00000000e+00
    0.00000000e+00]
   [0.00000000e+00 0.00000000e+00 0.00000000e+00 0.00000000e+00
    0.00000000e+00]]

  [[0.00000000e+00 0.00000000e+00 0.00000000e+00 0.00000000e+00
    0.00000000e+00]
   [0.00000000e+00 0.00000000e+00 0.00000000e+00 0.00000000e+00
    0.00000000e+00]
   [0.00000000e+00 0.00000000e+00 0.00000000e+00 0.00000000e+00
    0.00000000e+00]
   [0.00000000e+00 0.00000000e+00 0.00000000e+00 0.00000000e+00
    0.00000000e+00]
   [0.00000000e+00 0.00000000e+00 0.00000000e+00 0.00000000e+00
    0.00000000e+00]]

  [[0.00000000e+00 0.00000000e+00 0.00000000e+00 0.00000000e+00
    0.00000000e+00]
   [0.00000000e+00 0.00000000e+00 0.00000000e+00 0.00000000e+00
    0.00000000e+00]
   [0.00000000e+00 0.00000000e+00 0.00000000e+00 0.00000000e+00
    0.00000000e+00]
   [0.00000000e+00 0.00000000e+00 0.00000000e+00 0.00000000e+00
    0.00000000e+00]
   [0.00000000e+00 0.00000000e+00 0.00000000e+00 0.00000000e+00
    0.00000000e+00]]

  ...

  [[0.00000000e+00 0.00000000e+00 0.00000000e+00 0.00000000e+00
    0.00000000e+00]
   [0.00000000e+00 0.00000000e+00 0.00000000e+00 0.00000000e+00
    0.00000000e+00]
   [0.00000000e+00 0.00000000e+00 0.00000000e+00 0.00000000e+00
    0.00000000e+00]
   [0.00000000e+00 0.00000000e+00 0.00000000e+00 0.00000000e+00
    0.00000000e+00]
   [0.00000000e+00 0.00000000e+00 0.00000000e+00 0.00000000e+00
    0.00000000e+00]]

  [[0.00000000e+00 0.00000000e+00 0.00000000e+00 0.00000000e+00
    0.00000000e+00]
   [0.00000000e+00 0.00000000e+00 0.00000000e+00 0.00000000e+00
    0.00000000e+00]
   [0.00000000e+00 0.00000000e+00 0.00000000e+00 0.00000000e+00
    0.00000000e+00]
   [0.00000000e+00 0.00000000e+00 0.00000000e+00 0.00000000e+00
    0.00000000e+00]
   [0.00000000e+00 0.00000000e+00 0.00000000e+00 0.00000000e+00
    0.00000000e+00]]

  [[0.00000000e+00 0.00000000e+00 0.00000000e+00 0.00000000e+00
    0.00000000e+00]
   [0.00000000e+00 0.00000000e+00 0.00000000e+00 0.00000000e+00
    0.00000000e+00]
   [0.00000000e+00 0.00000000e+00 0.00000000e+00 0.00000000e+00
    0.00000000e+00]
   [0.00000000e+00 0.00000000e+00 0.00000000e+00 0.00000000e+00
    0.00000000e+00]
   [0.00000000e+00 0.00000000e+00 0.00000000e+00 0.00000000e+00
    0.00000000e+00]]]]